0      249.88
68.8   250.43
130.2  250.85
191.5  251.28
252.8  251.7
314.2  252.17
375.4  252.57
436.7  252.92
498.1  253.28
559.2  253.64
620.5  253.96
681.9  254.24
743.1  254.5
804.5  254.76
865.8  254.91
926.9  255.02
988.4  255.18
1049.9 255.22
1110.9 255.24
1172.2 255.28
1233.5 255.25
1294.8 255.24
1356.1 255.27
1417.3 255.12
1478.6 254.87
1539.9 254.74
1601.3 254.7
1662.6 254.7
1723.8 254.66
1785.2 254.7
1846.4 254.68
1906.9 254.7
1969.1 254.7
2030.4 254.49
2091.8 254.11
2153.1 253.73
2214.4 253.35
2275.6 252.98
2338.7 252.59
2401.7 252.2
2504.9 251.49
2547.7 251.27
2597.7 251.02
2647.7 250.79
2697.8 250.54
2747.9 250.28
2797.8 250.03
2852.9 249.76
