01
     01.59   02.41   10.17   11.00
     01.59   02.41   10.18   11.01
     01.59   02.41   10.19   11.02
     01.58   02.40   10.21   11.03
     01.58   02.40   10.22   11.04
     01.58   02.40   10.23   11.05
     01.58   02.39   10.23   11.06
     01.57   02.39   10.25   11.07
     01.57   02.38   10.26   11.09
     01.56   02.38   10.28   11.10
     01.56   02.37   10.30   11.11
     01.55   02.36   10.31   11.11
     01.54   02.35   10.32   11.13
     01.54   02.34   10.34   11.14
     01.53   02.33   10.35   11.16
     01.52   02.32   10.38   11.18
     01.51   02.31   10.39   11.19
     01.50   02.30   10.41   11.20
     01.49   02.29   10.42   11.22
     01.48   02.28   10.44   11.23
     01.47   02.27   10.47   11.26
     01.46   02.26   10.48   11.27
     01.45   02.24   10.50   11.29
     01.44   02.23   10.52   11.30
     01.43   02.21   10.54   11.32
     01.42   02.20   10.57   11.35
     01.41   02.19   10.58   11.36
     01.39   02.17   11.00   11.38
     01.38   02.16   11.01   11.39
     01.36   02.14   11.03   11.41
     01.35   02.13   11.06   11.44
02
     01.33   02.11   11.07   11.45
     01.32   02.09   11.09   11.47
     01.30   02.08   11.11   11.48
     01.29   02.06   11.13   11.50
     01.27   02.04   11.16   11.53
     01.25   02.02   11.17   11.54
     01.24   02.00   11.19   11.56
     01.22   01.59   11.21   11.57
     01.21   01.57   11.23   11.59
     01.19   01.55   11.26   12.02
     01.17   01.53   11.27   12.03
     01.15   01.51   11.29   12.05
     01.13   01.49   11.31   12.07
     01.11   01.47   11.33   12.09
     01.09   01.45   11.36   12.12
     01.07   01.43   11.37   12.13
     01.05   01.41   11.39   12.15
     01.03   01.39   11.41   12.16
     01.01   01.37   11.43   12.18
     00.59   01.35   11.46   12.21
     00.57   01.33   11.47   12.22
     00.55   01.31   11.49   12.24
     00.53   01.28   11.51   12.26
     00.51   01.26   11.53   12.28
     00.49   01.24   11.56   12.31
     00.47   01.22   11.57   12.32
     00.45   01.19   11.59   12.34
     00.42   01.17   12.01   12.35
03
     00.40   01.14   12.03   12.37
     00.38   01.12   12.06   12.40
     00.36   01.10   12.07   12.41
     00.33   01.07   12.09   12.43
     00.31   01.05   12.10   12.44
     00.28   01.02   12.12   12.46
     00.26   01.00   12.15   12.49
     00.24   00.58   12.16   12.50
     00.21   00.56   12.18   12.52
     00.19   00.53   12.19   12.54
     00.16   00.51   12.21   12.56
     00.14   00.49   12.24   12.59
     00.12   00.47   12.25   13.00
     00.09   00.44   12.27   13.02
     00.07   00.42   12.28   13.03
     00.04   00.39   12.30   13.05
     00.02   00.37   12.33   13.08
     00.00   00.35   12.34   13.09
     23.58   00.32   12.36   13.11
     23.55   00.30   12.38   13.12
     23.53   00.27   12.40   13.14
     23.51   00.25   12.43   13.17
     23.48   00.22   12.44   13.18
     23.46   00.20   12.46   13.20
     23.43   00.17   12.47   13.21
     23.41   00.15   12.49   13.23
     23.38   00.12   12.52   13.26
     23.35   00.10   12.53   13.27
     23.33   00.08   12.54   13.29
     23.30   00.05   12.56   13.31
     23.28   00.03   12.57   13.33
04
     23.25   00.01   13.00   13.36
     23.23   23.58   13.01   13.37
     23.20   23.56   13.03   13.39
     23.18   23.53   13.04   13.40
     23.15   23.51   13.06   13.42
     23.13   23.48   13.09   13.45
     23.11   23.46   13.10   13.46
     23.08   23.43   13.12   13.48
     23.06   23.41   13.14   13.49
     23.03   23.38   13.16   13.51
     23.01   23.36   13.19   13.54
     22.58   23.34   13.20   13.55
     22.56   23.32   13.22   13.57
     22.53   23.29   13.23   13.59
     22.51   23.27   13.25   14.01
     22.48   23.25   13.28   14.04
     22.46   23.23   13.29   14.05
     22.43   23.21   13.30   14.07
     22.41   23.18   13.32   14.09
     22.38   23.16   13.33   14.11
     22.36   23.14   13.36   14.14
     22.34   23.12   13.37   14.15
     22.31   23.10   13.39   14.17
     22.29   23.07   13.40   14.19
     22.26   23.05   13.42   14.21
     22.24   23.03   13.45   14.24
     22.22   23.01   13.46   14.25
     22.19   22.59   13.48   14.27
     22.17   22.56   13.50   14.29
     22.14   22.54   13.52   14.31
05
     22.12   22.52   13.55   14.34
     22.10   22.50   13.56   14.35
     22.08   22.48   13.57   14.37
     22.05   22.46   13.59   14.40
     22.03   22.44   14.00   14.42
     22.01   22.42   14.03   14.45
     21.59   22.40   14.04   14.46
     21.57   22.38   14.05   14.48
     21.54   22.37   14.07   14.50
     21.52   22.35   14.08   14.52
     21.50   22.33   14.11   14.55
     21.48   22.31   14.12   14.56
     21.46   22.30   14.14   14.58
     21.44   22.28   14.15   14.59
     21.42   22.27   14.17   15.01
     21.40   22.25   14.20   15.04
     21.38   22.23   14.21   15.05
     21.36   22.22   14.22   15.07
     21.35   22.20   14.24   15.09
     21.33   22.19   14.25   15.11
     21.31   22.17   14.28   15.14
     21.29   22.16   14.29   15.15
     21.28   22.14   14.30   15.17
     21.26   22.13   14.32   15.18
     21.25   22.11   14.33   15.20
     21.23   22.10   14.36   15.23
     21.22   22.09   14.36   15.24
     21.20   22.08   14.38   15.25
     21.19   22.07   14.39   15.27
     21.17   22.06   14.41   15.28
     21.16   22.05   14.43   15.31
06
     21.15   22.04   14.44   15.31
     21.14   22.03   14.45   15.33
     21.13   22.03   14.46   15.34
     21.12   22.02   14.47   15.36
     21.11   22.01   14.48   15.38
     21.10   22.00   14.49   15.39
     21.09   22.00   14.50   15.40
     21.09   21.59   14.50   15.42
     21.08   21.59   14.51   15.43
     21.07   21.58   14.52   15.44
     21.07   21.58   14.53   15.45
     21.06   21.58   14.54   15.46
     21.06   21.57   14.54   15.46
     21.05   21.57   14.55   15.47
     21.05   21.57   14.56   15.48
     21.05   21.57   14.56   15.48
     21.05   21.57   14.57   15.49
     21.04   21.56   14.57   15.49
     21.04   21.56   14.58   15.50
     21.04   21.56   14.58   15.50
     21.04   21.56   14.58   15.50
     21.05   21.57   14.58   15.50
     21.05   21.57   14.59   15.51
     21.06   21.58   14.59   15.51
     21.06   21.58   14.59   15.51
     21.07   21.58   14.59   15.51
     21.07   21.59   14.59   15.51
     21.08   21.59   14.58   15.50
     21.08   22.00   14.58   15.50
     21.09   22.00   14.58   15.50
07
     21.10   22.01   14.58   15.49
     21.11   22.02   14.57   15.49
     21.11   22.02   14.57   15.48
     21.12   22.03   14.56   15.48
     21.13   22.04   14.56   15.47
     21.13   22.05   14.55   15.46
     21.15   22.06   14.55   15.45
     21.16   22.07   14.54   15.45
     21.18   22.08   14.54   15.44
     21.20   22.09   14.53   15.43
     21.20   22.10   14.52   15.42
     21.22   22.11   14.51   15.40
     21.23   22.13   14.51   15.39
     21.25   22.14   14.50   15.37
     21.27   22.15   14.49   15.36
     21.28   22.15   14.48   15.35
     21.29   22.17   14.47   15.33
     21.31   22.18   14.45   15.32
     21.32   22.20   14.44   15.30
     21.35   22.22   14.43   15.29
     21.36   22.22   14.41   15.27
     21.38   22.24   14.40   15.26
     21.39   22.25   14.38   15.24
     21.41   22.27   14.37   15.23
     21.44   22.29   14.35   15.21
     21.45   22.30   14.33   15.19
     21.47   22.32   14.32   15.17
     21.49   22.33   14.30   15.15
     21.51   22.35   14.29   15.13
     21.54   22.38   14.27   15.11
     21.55   22.39   14.25   15.09
08
     21.57   22.40   14.23   15.07
     21.58   22.42   14.22   15.05
     22.00   22.43   14.20   15.03
     22.03   22.46   14.18   15.01
     22.04   22.47   14.16   14.59
     22.06   22.48   14.14   14.57
     22.08   22.50   14.13   14.54
     22.10   22.51   14.11   14.52
     22.13   22.54   14.09   14.50
     22.14   22.55   14.07   14.48
     22.16   22.57   14.05   14.45
     22.18   22.58   14.03   14.43
     22.20   23.00   14.01   14.40
     22.23   23.03   13.59   14.38
     22.24   23.04   13.57   14.36
     22.26   23.05   13.55   14.33
     22.28   23.07   13.52   14.31
     22.30   23.08   13.50   14.28
     22.33   23.11   13.48   14.26
     22.34   23.12   13.46   14.24
     22.36   23.14   13.44   14.22
     22.37   23.15   13.41   14.19
     22.39   23.17   13.39   14.17
     22.42   23.20   13.37   14.15
     22.43   23.21   13.35   14.12
     22.45   23.22   13.32   14.10
     22.47   23.24   13.30   14.07
     22.49   23.25   13.27   14.05
     22.52   23.28   13.25   14.02
     22.53   23.29   13.23   13.59
     22.55   23.31   13.21   13.57
09
     22.56   23.32   13.18   13.54
     22.58   23.34   13.16   13.52
     23.01   23.37   13.14   13.49
     23.02   23.38   13.11   13.47
     23.04   23.40   13.09   13.44
     23.05   23.41   13.06   13.42
     23.07   23.43   13.04   13.39
     23.10   23.46   13.01   13.37
     23.11   23.47   12.59   13.34
     23.13   23.48   12.56   13.32
     23.14   23.50   12.54   13.29
     23.16   23.51   12.51   13.27
     23.19   23.54   12.49   13.24
     23.20   23.55   12.47   13.21
     23.22   23.56   12.44   13.19
     23.23   23.58   12.42   13.16
     23.25   23.59   12.39   13.14
     23.28   00.02   12.37   13.11
     23.29   00.03   12.35   13.09
     23.31   00.05   12.32   13.06
     23.32   00.06   12.30   13.04
     23.34   00.08   12.27   13.01
     23.37   00.11   12.25   12.59
     23.38   00.12   12.22   12.57
     23.39   00.14   12.20   12.54
     23.41   00.15   12.17   12.52
     23.42   00.17   12.15   12.49
     23.45   00.20   12.12   12.47
     23.46   00.21   12.10   12.45
     23.48   00.23   12.07   12.42
10
     23.49   00.24   12.05   12.40
     23.51   00.26   12.02   12.37
     23.54   00.29   12.00   12.35
     23.55   00.30   11.58   12.33
     23.57   00.31   11.56   12.30
     23.58   00.33   11.53   12.28
     00.00   00.34   11.51   12.25
     00.03   00.37   11.49   12.23
     00.04   00.38   11.47   12.21
     00.06   00.40   11.44   12.18
     00.07   00.42   11.42   12.16
     00.09   00.44   11.39   12.13
     00.12   00.47   11.37   12.11
     00.13   00.48   11.35   12.09
     00.15   00.50   11.32   12.07
     00.16   00.51   11.30   12.04
     00.18   00.53   11.27   12.02
     00.21   00.56   11.25   12.00
     00.22   00.57   11.23   11.58
     00.24   00.59   11.21   11.56
     00.25   01.01   11.18   11.54
     00.27   01.03   11.16   11.52
     00.30   01.06   11.14   11.50
     00.31   01.07   11.12   11.48
     00.33   01.09   11.10   11.46
     00.34   01.10   11.08   11.44
     00.36   01.12   11.06   11.42
     00.39   01.15   11.04   11.40
     00.40   01.16   11.02   11.38
     00.42   01.18   11.00   11.36
     00.44   01.20   10.58   11.34
11
     00.46   01.22   10.56   11.32
     00.49   01.25   10.54   11.30
     00.50   01.26   10.52   11.28
     00.52   01.28   10.50   11.27
     00.53   01.30   10.49   11.25
     00.55   01.32   10.47   11.24
     00.58   01.35   10.45   11.22
     00.59   01.36   10.43   11.20
     01.00   01.38   10.41   11.19
     01.02   01.39   10.40   11.17
     01.03   01.41   10.38   11.16
     01.06   01.44   10.36   11.14
     01.07   01.45   10.35   11.13
     01.09   01.47   10.33   11.11
     01.10   01.48   10.32   11.10
     01.12   01.50   10.30   11.08
     01.15   01.53   10.29   11.07
     01.16   01.54   10.28   11.06
     01.18   01.56   10.26   11.05
     01.19   01.57   10.25   11.03
     01.21   01.59   10.23   11.02
     01.24   02.02   10.22   11.01
     01.24   02.03   10.21   11.00
     01.26   02.05   10.20   10.59
     01.27   02.06   10.18   10.58
     01.29   02.08   10.17   10.57
     01.31   02.11   10.16   10.56
     01.31   02.12   10.15   10.55
     01.33   02.13   10.14   10.55
     01.34   02.15   10.14   10.54
12
     01.36   02.16   10.13   10.54
     01.38   02.19   10.12   10.53
     01.39   02.19   10.11   10.53
     01.40   02.21   10.11   10.52
     01.42   02.22   10.10   10.52
     01.43   02.24   10.10   10.51
     01.44   02.26   10.09   10.51
     01.45   02.27   10.09   10.51
     01.46   02.28   10.09   10.51
     01.47   02.30   10.08   10.50
     01.48   02.31   10.08   10.50
     01.49   02.32   10.08   10.50
     01.50   02.33   10.08   10.50
     01.51   02.34   10.08   10.50
     01.52   02.35   10.08   10.51
     01.53   02.36   10.08   10.51
     01.54   02.37   10.08   10.51
     01.55   02.38   10.08   10.51
     01.55   02.38   10.08   10.51
     01.56   02.39   10.09   10.52
     01.56   02.39   10.09   10.52
     01.57   02.40   10.09   10.52
     01.57   02.40   10.10   10.53
     01.57   02.40   10.10   10.53
     01.58   02.41   10.11   10.54
     01.58   02.41   10.11   10.54
     01.58   02.41   10.12   10.55
     01.58   02.41   10.13   10.56
     01.58   02.41   10.14   10.57
     01.59   02.41   10.15   10.58
     01.59   02.41   10.16   10.59
